1938 3,830,341 4,278,815 112 121,633 2.8
1939 4,021,551 4,191,528 104 194,170 4.6
1940 4,381,420 4,067,950 93 156,505 3.8
1941 4,394,073 3,483,147 79 491,440 14.1
1942 4,369,455 4,263,282 98 471,173 11.1
1943 3,502,204 3,509,507 100 368,286 10.5
1944 3,740,452 3,148,396 84 912,267 29.0
1945 3,742,006 2,189,318 59 389,695 17.8
1946 3,830,504 3,618,383 94 588,310 16.3
1947 4,176,913 3,215,904 77 391,776 12.2
1948 4,538,190 4,867,093 107 569,384 11.7
1949 4,007,810 2,516,523 63 45,336 1.8
1950 4,477,191 3,871,926 86 320,711 8.3
1951 4,789,800 5,600,000 117 726,363 13.0
1952 5,400,000 6,447,000 119 1,230,253 19.1
1953 6,410,000 8,000,000 125 1,723,948 21.5
1954 6,405,000 4,900,000 77 514,455 10.5
1955 7,060,000 6,900,000 98 942,014 13.7
1956 7,335,000 6,400,000 87 430,124 6.7
1957 7,157,000 8,300,000 116 738,447 8.9
1958 7,450,000 8,550,000 115 865,004 10.1
1959 7,535,000 7,852,000 104 461,949 5.9
1960 7,700,000 8,450,000 110 389,688 4.6
1961 7,717,000 7,000,000 91 17,824 0.3
1962 7,800,000 8,450,000 108 487,329 5.8
1963 7,850,000 10,000,000 127 790,100 7.9
1964 7,870,000 8,300,000 105 373,024 4.5
1965 7,900,000 8,500,000 108 522,875 6.2
1966 7,950,000 9,600,000 121 792,644 8.3
1967 8,000,000 10,000,000 125 868,376 8.7
1968 8,250,000 9,520,000 115 504,628 5.3
1969 8,660,000 10,500,000 121 500,081 4.8
1970 8,600,000 10,000,000 116 805,306 8.1
1971 8,700,000 13,500,000 155 1,936,028 14.3
1972 8,730,000 12,200,000 140 1,399,738 11.5
1973 8,850,000 10,000,000 113 536,267 5.4
1974 8,750,000 11,000,000 126 794,270 7.2
1975 9,250,000 14,750,000 159 2,472,432 16.8
1976 9,250,000 16,500,000 178 3,127,689 19.0
1977 9,325,000 16,650,000 179 3,621,063 21.7
1978 9,300,000 16,700,000 180 3,200,240 19.2
1979 9,400,000 17,500,000 186 1,644,179 9.4
1980 9,020,000 16,500,000 183 1,653,340 10.0
1981 9,250,000 17,000,000 184 1,050,340 6.2
1982 9,000,000 17,500,000 194 2,522,642 14.4
1983 9,230,000 16,400,000 178 2,218,032 13.5
1984 9,000,000 17,200,000 191 1,923,068 11.2
1985 9,350,000 17,000,000 182 1,707,739 10.0
1986 9,350,000 19,000,000 203 2,966,548 15.6
1987 9,415,000 18,900,000 201 3,644,034 19.3
1988 9,435,000 20,500,000 217 2,804,392 13.7
1989 9,351,000 16,200,000 173 572,429 3.5
1990 9,450,000 20,000,000 212 5,158,863 25.8
1991 9,630,000 20,400,000 212 4,434,905 21.7
1992 9,600,000 19,300,000 201 2,452,689 12.7
1993 9,800,000 21,000,000 214 2,670,747 12.7
1994 9,800,000 17,500,000 179 1,355,463 7.7
1995 9,400,000 18,000,000 191 40,681 0.2
1996 9,350,000 18,500,000 198 632,461 3.4
1997 9,340,000 18,650,000 200 3,435,128 18.4
1998 9,400,000 21,000,000 223 5,211,896 24.8
1999 9,380,000 18,000,000 192 4,207,884 23.4
2000 9,400,000 21,000,000 223 2,959,105 14.1
2001 9,350,000 19,000,000 203 1,459,434 7.7
2002 9,300,000 19,500,000 210 332,811 1.7
2003 9,100,000 19,000,000 209 544,508 2.9
2004 9,300,000 21,000,000 226 2,023,401 9.6
2005 9,250,000 21,500,000 232 4,171,303 19.4
2006 8,490,000 20,010,000 236 1,456,571 7.3
2007 8,100,000 17,234,000 217 121,920 0.7
2008 8,090,000 17,782,000 235 62,934 0.4
2009 8,100,000 20,600,000 257 3,771,343 18.3
2010 8,103,400 19,674,000 244 980,233 5.0
2011 8,096,000 21,800,000 270 823,988 3.8
2012 7,529,639 20,100,000 267 1,634,449 8.1
2013 7,772,600 22,050,000 285 1,985,646 9.0
2014 7,919,208 19,000,000 243 - -
2015 7,866,887 22,600,000 288 3,307,453 14.6
2016 7,671,945 20,600,000 271 2,647,791 12.9
2017 7,668,879 21,500,000 280 2,047,258 9.5
2018 7,299,270 20,000,000 274 2,359,952 11.8
2019 6,846,327 19,000,000 278
2020 6,922,236 20,500,000 296
2021 6,744,666 17,650,000 262
2022 6,628,739 19,750,000 29